 s                 E                  ept          Ef                  el3b          deds             ynorm           etanorm    
0.000000 	  -16.7046320 	    0.0000000 	  -16.7046320 	   -0.0000000 	  -1858.4104472 	   18.8541310 	   86.1573442 
0.000011 	  -16.7245564 	    0.0000000 	  -16.7245564 	    0.0000000 	  -1854.7035997 	   18.8272818 	   86.0426009 
0.000118 	  -16.9197403 	    0.0000000 	  -16.9197403 	   -0.0000000 	  -1816.9040602 	   18.5599265 	   84.8994960 
0.001120 	  -18.4561804 	    0.0000000 	  -18.4561804 	   -0.0000000 	  -1533.5472243 	   16.5709802 	   76.2146416 
0.002122 	  -19.6959412 	    0.0000000 	  -19.6959412 	    0.0000000 	  -1237.4265368 	   14.8262742 	   68.5611009 
0.003124 	  -20.7086613 	    0.0000000 	  -20.7086613 	    0.0000002 	  -1010.8133547 	   13.3593334 	   62.0466127 
0.004126 	  -21.5458000 	    0.0000000 	  -21.5458000 	    0.0000006 	  -835.5625032 	   12.1220898 	   56.4825269 
0.005128 	  -22.2364297 	    0.0000000 	  -22.2364297 	    0.0000014 	  -689.3294429 	   10.9071201 	   51.0043890 
0.006129 	  -22.8242771 	    0.0000000 	  -22.8242771 	    0.0000001 	  -586.7405775 	   10.0931092 	   47.2036038 
0.007879 	  -23.6473036 	    0.0000000 	  -23.6473036 	    0.0000003 	  -470.4618004 	    9.0025092 	   42.0774134 
0.009628 	  -24.2906286 	    0.0000000 	  -24.2906286 	    0.0000007 	  -367.7400256 	    7.9926882 	   37.3126121 
0.011378 	  -24.8035168 	    0.0000000 	  -24.8035168 	    0.0000012 	  -293.1792965 	    7.1703095 	   33.3851924 
0.013127 	  -25.2200785 	    0.0000000 	  -25.2200785 	    0.0000020 	  -238.1167143 	    6.5013133 	   30.1427324 
0.014876 	  -25.5583074 	    0.0000000 	  -25.5583074 	    0.0000029 	  -193.3397498 	    5.8569256 	   26.9793990 
0.016626 	  -25.8445971 	    0.0000000 	  -25.8445971 	    0.0000039 	  -163.6501025 	    5.4529189 	   24.9327451 
0.019766 	  -26.2512650 	    0.0000000 	  -26.2512650 	   -0.0000021 	  -129.5179855 	    4.8955737 	   22.0981628 
0.020551 	  -26.3400968 	    0.0000000 	  -26.3400968 	   -0.0000023 	  -113.1667155 	    4.7019517 	   21.0888299 
0.021336 	  -26.4232216 	    0.0000000 	  -26.4232216 	   -0.0000025 	  -105.8962834 	    4.5677600 	   20.4166323 
0.024121 	  -26.6665388 	    0.0000000 	  -26.6665388 	   -0.0000030 	   -87.3449586 	    4.1276691 	   18.0744688 
0.026907 	  -26.8677720 	    0.0000000 	  -26.8677720 	   -0.0000033 	   -72.2378203 	    3.8386953 	   16.5241274 
0.028012 	  -26.9403508 	    0.0000000 	  -26.9403508 	   -0.0000034 	   -65.6811450 	    3.7544870 	   16.0739431 
0.029117 	  -27.0075391 	    0.0000000 	  -27.0075391 	   -0.0000033 	   -60.8029336 	    3.6416037 	   15.4673899 
0.032552 	  -27.1797627 	    0.0000000 	  -27.1797627 	   -0.0000026 	   -50.1405009 	    3.3346667 	   13.7212522 
0.033411 	  -27.2199790 	    0.0000000 	  -27.2199790 	   -0.0000023 	   -46.8337316 	    3.3155644 	   13.6345245 
0.034269 	  -27.2580741 	    0.0000000 	  -27.2580741 	   -0.0000019 	   -44.3633928 	    3.2439094 	   13.2646398 
0.037358 	  -27.3757012 	    0.0000000 	  -27.3757012 	   -0.0000000 	   -38.0839079 	    3.0369305 	   12.0579260 
0.038642 	  -27.4207885 	    0.0000000 	  -27.4207885 	    0.0000010 	   -35.1038666 	    2.9840836 	   11.7813516 
0.039927 	  -27.4628258 	    0.0000000 	  -27.4628258 	    0.0000023 	   -32.7292233 	    2.9129081 	   11.3765771 
0.043863 	  -27.5711463 	    0.0000000 	  -27.5711463 	    0.0000072 	   -27.5171027 	    2.7247330 	   10.2331376 
0.044847 	  -27.5966387 	    0.0000000 	  -27.5966387 	    0.0000087 	   -25.9037382 	    2.7271355 	   10.1719112 
0.045831 	  -27.6208647 	    0.0000000 	  -27.6208647 	    0.0000103 	   -24.6169251 	    2.6538784 	    9.9063643 
0.048233 	  -27.6745355 	    0.0000000 	  -27.6745355 	    0.0000147 	   -22.3484532 	    2.5693083 	    9.3631002 
0.049382 	  -27.6987165 	    0.0000000 	  -27.6987165 	    0.0000170 	   -21.0383103 	    2.5322185 	    9.1653810 
0.050532 	  -27.7216963 	    0.0000000 	  -27.7216963 	    0.0000196 	   -19.9931700 	    2.4870065 	    8.9353808 
0.053518 	  -27.7751480 	    0.0000000 	  -27.7751480 	    0.0000268 	   -17.9000067 	    2.3996938 	    8.3820358 
0.054642 	  -27.7942193 	    0.0000000 	  -27.7942193 	    0.0000299 	   -16.9699316 	    2.3969040 	    8.2622371 
0.055766 	  -27.8123749 	    0.0000000 	  -27.8123749 	    0.0000331 	   -16.1551895 	    2.3307534 	    8.0538505 
0.058091 	  -27.8470476 	    0.0000000 	  -27.8470476 	    0.0000401 	   -14.9126707 	    2.2845293 	    7.7091281 
0.059007 	  -27.8601537 	    0.0000000 	  -27.8601537 	    0.0000431 	   -14.2973681 	    2.2660104 	    7.6022680 
0.059924 	  -27.8727838 	    0.0000000 	  -27.8727838 	    0.0000461 	   -13.7781706 	    2.2181778 	    7.4556368 
0.062370 	  -27.9039895 	    0.0000000 	  -27.9039895 	    0.0000547 	   -12.7579184 	    2.1658873 	    7.1337497 
0.063560 	  -27.9184485 	    0.0000000 	  -27.9184485 	    0.0000592 	   -12.1457412 	    2.1448819 	    7.0099209 
0.064751 	  -27.9323013 	    0.0000000 	  -27.9323013 	    0.0000638 	   -11.6365509 	    2.1087684 	    6.8619326 
0.067686 	  -27.9635635 	    0.0000000 	  -27.9635635 	    0.0000758 	   -10.6509412 	    2.0582255 	    6.5389751 
0.068794 	  -27.9749038 	    0.0000000 	  -27.9749038 	    0.0000805 	   -10.2337646 	    2.0680944 	    6.4714305 
0.069902 	  -27.9857664 	    0.0000000 	  -27.9857664 	    0.0000855 	    -9.8027273 	    2.0035761 	    6.3237768 
0.072188 	  -28.0067885 	    0.0000000 	  -28.0067885 	    0.0000959 	    -9.1960924 	    1.9801824 	    6.1187615 
0.073099 	  -28.0148832 	    0.0000000 	  -28.0148832 	    0.0001002 	    -8.8914120 	    1.9654673 	    6.0468732 
0.074009 	  -28.0227241 	    0.0000000 	  -28.0227241 	    0.0001046 	    -8.6127178 	    1.9218823 	    5.9426013 
0.076469 	  -28.0425872 	    0.0000000 	  -28.0425872 	    0.0001168 	    -8.0759957 	    1.8853598 	    5.7349260 
0.077687 	  -28.0520253 	    0.0000000 	  -28.0520253 	    0.0001231 	    -7.7476771 	    1.8719008 	    5.6514783 
0.078905 	  -28.0611124 	    0.0000000 	  -28.0611124 	    0.0001295 	    -7.4595745 	    1.8401550 	    5.5465528 
0.081850 	  -28.0814703 	    0.0000000 	  -28.0814703 	    0.0001453 	    -6.9117705 	    1.8084298 	    5.3373032 
0.082587 	  -28.0864563 	    0.0000000 	  -28.0864563 	    0.0001494 	    -6.7712990 	    1.8229000 	    5.3195628 
0.083323 	  -28.0912953 	    0.0000000 	  -28.0912953 	    0.0001535 	    -6.5715572 	    1.7631493 	    5.2252733 
0.085649 	  -28.1057788 	    0.0000000 	  -28.1057788 	    0.0001668 	    -6.2277482 	    1.7314863 	    5.0692256 
0.087563 	  -28.1170596 	    0.0000000 	  -28.1170596 	    0.0001779 	    -5.8916619 	    1.7012044 	    4.9490747 
0.089478 	  -28.1277922 	    0.0000000 	  -28.1277922 	    0.0001894 	    -5.6053630 	    1.6819505 	    4.8408434 
0.090546 	  -28.1335843 	    0.0000000 	  -28.1335843 	    0.0001959 	    -5.4253754 	    1.6641816 	    4.7779236 
0.091613 	  -28.1392125 	    0.0000000 	  -28.1392125 	    0.0002024 	    -5.2717980 	    1.6432399 	    4.7110886 
0.094971 	  -28.1556280 	    0.0000000 	  -28.1556280 	    0.0002231 	    -4.8892081 	    1.6053198 	    4.5287823 
0.096385 	  -28.1623048 	    0.0000000 	  -28.1623048 	    0.0002321 	    -4.7212625 	    1.6252702 	    4.4986001 
0.097799 	  -28.1686860 	    0.0000000 	  -28.1686860 	    0.0000401 	    -4.5122833 	    1.5789827 	    4.4010653 
0.098417 	  -28.1714420 	    0.0000000 	  -28.1714420 	    0.0000411 	    -4.4583724 	    1.5696934 	    4.3702571 
0.099035 	  -28.1741441 	    0.0000000 	  -28.1741441 	    0.0000421 	    -4.3712884 	    1.5413723 	    4.3211729 
0.101844 	  -28.1857531 	    0.0000000 	  -28.1857531 	    0.0000465 	    -4.1342202 	    1.5060224 	    4.1843936 
0.105013 	  -28.1979294 	    0.0000000 	  -28.1979294 	    0.0000518 	    -3.8419156 	    1.4676364 	    4.0437332 
0.108182 	  -28.2092441 	    0.0000000 	  -28.2092441 	    0.0000574 	    -3.5700494 	    1.4430994 	    3.9234643 
0.109646 	  -28.2142876 	    0.0000000 	  -28.2142876 	    0.0000602 	    -3.4453968 	    1.4505229 	    3.8903992 
0.111110 	  -28.2191299 	    0.0000000 	  -28.2191299 	    0.0000629 	    -3.3080198 	    1.4204555 	    3.8199983 
0.111777 	  -28.2213104 	    0.0000000 	  -28.2213104 	    0.0000642 	    -3.2691691 	    1.4073348 	    3.7894716 
0.112444 	  -28.2234482 	    0.0000000 	  -28.2234482 	    0.0000655 	    -3.2052324 	    1.3814788 	    3.7468302 
0.115364 	  -28.2323306 	    0.0000000 	  -28.2323306 	    0.0000714 	    -3.0413019 	    1.3507344 	    3.6366166 
0.117966 	  -28.2397902 	    0.0000000 	  -28.2397902 	    0.0000767 	    -2.8669891 	    1.3257107 	    3.5482586 
0.120568 	  -28.2468426 	    0.0000000 	  -28.2468426 	    0.0000823 	    -2.7104927 	    1.3169826 	    3.4770678 
0.121719 	  -28.2498908 	    0.0000000 	  -28.2498908 	    0.0000849 	    -2.6494218 	    1.3215529 	    3.4561688 
0.122869 	  -28.2528396 	    0.0000000 	  -28.2528396 	    0.0000874 	    -2.5629534 	    1.2811327 	    3.3916457 
0.125502 	  -28.2592459 	    0.0000000 	  -28.2592459 	    0.0000934 	    -2.4334903 	    1.2789704 	    3.3296708 
0.126522 	  -28.2617156 	    0.0000000 	  -28.2617156 	    0.0000958 	    -2.4212997 	    1.3006526 	    3.3300846 
0.127542 	  -28.2640840 	    0.0000000 	  -28.2640840 	    0.0000982 	    -2.3220247 	    1.2316163 	    3.2433435 
0.129886 	  -28.2693216 	    0.0000000 	  -28.2693216 	    0.0001038 	    -2.2341599 	    1.2323591 	    3.1946974 
0.130919 	  -28.2715847 	    0.0000000 	  -28.2715847 	    0.0001064 	    -2.1917424 	    1.2291144 	    3.1722775 
0.131951 	  -28.2737823 	    0.0000000 	  -28.2737823 	    0.0001089 	    -2.1281848 	    1.1900252 	    3.1151529 
0.134614 	  -28.2791826 	    0.0000000 	  -28.2791826 	    0.0001156 	    -2.0283842 	    1.1820635 	    3.0558066 
0.135771 	  -28.2815005 	    0.0000000 	  -28.2815005 	    0.0001185 	    -2.0033499 	    1.1979414 	    3.0509299 
0.136928 	  -28.2837302 	    0.0000000 	  -28.2837302 	    0.0001215 	    -1.9270702 	    1.1493121 	    2.9840252 
0.139514 	  -28.2884915 	    0.0000000 	  -28.2884915 	    0.0001283 	    -1.8406873 	    1.1564718 	    2.9444696 
0.140517 	  -28.2903364 	    0.0000000 	  -28.2903364 	    0.0001310 	    -1.8409560 	    1.1770938 	    2.9485941 
0.141519 	  -28.2921035 	    0.0000000 	  -28.2921035 	    0.0001337 	    -1.7632827 	    1.1055478 	    2.8636222 
0.143868 	  -28.2960985 	    0.0000000 	  -28.2960985 	    0.0001400 	    -1.7004578 	    1.1090525 	    2.8277652 
0.144922 	  -28.2978655 	    0.0000000 	  -28.2978655 	    0.0001429 	    -1.6765133 	    1.1085998 	    2.8113347 
0.145976 	  -28.2995775 	    0.0000000 	  -28.2995775 	    0.0001458 	    -1.6242466 	    1.0690483 	    2.7574473 
0.148679 	  -28.3037725 	    0.0000000 	  -28.3037725 	    0.0001534 	    -1.5519455 	    1.0668566 	    2.7132109 
0.149831 	  -28.3055499 	    0.0000000 	  -28.3055499 	    0.0001566 	    -1.5435149 	    1.0895137 	    2.7190507 
0.150982 	  -28.3072543 	    0.0000000 	  -28.3072543 	    0.0001599 	    -1.4800914 	    1.0341603 	    2.6494832 
0.153519 	  -28.3108489 	    0.0000000 	  -28.3108489 	    0.0001672 	    -1.4168556 	    1.0480071 	    2.6261719 
0.154505 	  -28.3122607 	    0.0000000 	  -28.3122607 	    0.0001701 	    -1.4323585 	    1.0693625 	    2.6340800 
0.155490 	  -28.3136050 	    0.0000000 	  -28.3136050 	    0.0001730 	    -1.3639496 	    0.9937883 	    2.5484879 
0.157852 	  -28.3167258 	    0.0000000 	  -28.3167258 	    0.0001800 	    -1.3217323 	    1.0006750 	    2.5229064 
0.158932 	  -28.3181343 	    0.0000000 	  -28.3181343 	    0.0001832 	    -1.3037776 	    1.0015135 	    2.5103854 
0.160012 	  -28.3194999 	    0.0000000 	  -28.3194999 	    0.0001864 	    -1.2641695 	    0.9628650 	    2.4598677 
0.162758 	  -28.3228108 	    0.0000000 	  -28.3228108 	    0.0001947 	    -1.2057192 	    0.9658016 	    2.4277460 
0.163900 	  -28.3242011 	    0.0000000 	  -28.3242011 	    0.0001981 	    -1.2179014 	    0.9985622 	    2.4463041 
0.165041 	  -28.3255199 	    0.0000000 	  -28.3255199 	    0.0002016 	    -1.1553638 	    0.9320749 	    2.3690452 
0.167520 	  -28.3282813 	    0.0000000 	  -28.3282813 	    0.0002092 	    -1.1141050 	    0.9538998 	    2.3604519 
0.168489 	  -28.3293765 	    0.0000000 	  -28.3293765 	    0.0002122 	    -1.1298987 	    0.9720903 	    2.3678701 
0.168489 	  -28.3293766 	    0.0000000 	  -28.3293766 	    0.0002122 	    -1.0951205 	    0.8972746 	    2.2964344 
0.169593 	  -28.3305686 	    0.0000000 	  -28.3305686 	    0.0002157 	    -1.0795675 	    0.8880428 	    2.2750928 
0.179177 	  -28.3396404 	    0.0000000 	  -28.3396404 	    0.0002446 	    -0.9465613 	    0.8286832 	    2.1124390 
0.181573 	  -28.3419128 	    0.0000000 	  -28.3419128 	    0.0002522 	    -0.9484433 	    0.9896334 	    2.2587976 
0.182172 	  -28.3424601 	    0.0000000 	  -28.3424601 	    0.0002542 	    -0.9136694 	    0.8763761 	    2.1386500 
0.182771 	  -28.3429866 	    0.0000000 	  -28.3429866 	    0.0002561 	    -0.8789343 	    0.8067249 	    2.0665558 
0.184995 	  -28.3448953 	    0.0000000 	  -28.3448953 	    0.0002632 	    -0.8583301 	    0.7994252 	    2.0381833 
0.186876 	  -28.3464546 	    0.0000000 	  -28.3464546 	    0.0002692 	    -0.8287116 	    0.7894453 	    2.0115791 
0.188758 	  -28.3479754 	    0.0000000 	  -28.3479754 	    0.0002753 	    -0.8082830 	    0.7899098 	    1.9949440 
0.189867 	  -28.3488562 	    0.0000000 	  -28.3488562 	    0.0002789 	    -0.7941012 	    0.7823055 	    1.9781352 
0.190976 	  -28.3497194 	    0.0000000 	  -28.3497194 	    0.0002825 	    -0.7783238 	    0.7652651 	    1.9523717 
0.194496 	  -28.3522979 	    0.0000000 	  -28.3522979 	    0.0002938 	    -0.7326057 	    0.7650074 	    1.9214312 
0.195967 	  -28.3534171 	    0.0000000 	  -28.3534171 	    0.0002985 	    -0.7608457 	    0.8445202 	    1.9878592 
0.197438 	  -28.3544359 	    0.0000000 	  -28.3544359 	    0.0003033 	    -0.6926813 	    0.7826058 	    1.9150281 
0.198044 	  -28.3548774 	    0.0000000 	  -28.3548774 	    0.0003053 	    -0.7285975 	    0.7753061 	    1.9031941 
0.198649 	  -28.3553004 	    0.0000000 	  -28.3553004 	    0.0003073 	    -0.6981234 	    0.7191312 	    1.8452878 
0.201303 	  -28.3571007 	    0.0000000 	  -28.3571007 	    0.0003158 	    -0.6783837 	    0.7068686 	    1.8124567 
0.205484 	  -28.3597576 	    0.0000000 	  -28.3597576 	    0.0003292 	    -0.6355467 	    0.6886205 	    1.7632622 
0.206529 	  -28.3604331 	    0.0000000 	  -28.3604331 	    0.0003326 	    -0.6463728 	    0.7224849 	    1.7883577 
0.207574 	  -28.3610748 	    0.0000000 	  -28.3610748 	    0.0003360 	    -0.6139855 	    0.6745884 	    1.7358487 
0.210805 	  -28.3629941 	    0.0000000 	  -28.3629941 	    0.0003464 	    -0.5939855 	    0.6773076 	    1.7146446 
0.212503 	  -28.3639838 	    0.0000000 	  -28.3639838 	    0.0003518 	    -0.5829269 	    0.7043610 	    1.7289767 
0.214201 	  -28.3649343 	    0.0000000 	  -28.3649343 	    0.0003573 	    -0.5599244 	    0.7051095 	    1.7181937 
0.214936 	  -28.3653564 	    0.0000000 	  -28.3653564 	    0.0003597 	    -0.5740426 	    0.6891912 	    1.6981436 
0.215671 	  -28.3657623 	    0.0000000 	  -28.3657623 	    0.0003620 	    -0.5521505 	    0.6360213 	    1.6434778 
0.218417 	  -28.3672399 	    0.0000000 	  -28.3672399 	    0.0003708 	    -0.5381580 	    0.6315047 	    1.6207104 
0.220408 	  -28.3682801 	    0.0000000 	  -28.3682801 	    0.0003771 	    -0.5223425 	    0.6333405 	    1.6096484 
0.222400 	  -28.3692888 	    0.0000000 	  -28.3692888 	    0.0003835 	    -0.5065086 	    0.6477879 	    1.6106559 
0.223366 	  -28.3697843 	    0.0000000 	  -28.3697843 	    0.0003866 	    -0.5129306 	    0.6454340 	    1.6025221 
0.224332 	  -28.3702612 	    0.0000000 	  -28.3702612 	    0.0003896 	    -0.4937428 	    0.6035531 	    1.5576494 
0.227293 	  -28.3716723 	    0.0000000 	  -28.3716723 	    0.0003989 	    -0.4764680 	    0.6112717 	    1.5463580 
0.228724 	  -28.3723649 	    0.0000000 	  -28.3723649 	    0.0004034 	    -0.4840981 	    0.6537849 	    1.5787639 
0.230155 	  -28.3730184 	    0.0000000 	  -28.3730184 	    0.0004079 	    -0.4567636 	    0.6157984 	    1.5340617 
0.230853 	  -28.3733453 	    0.0000000 	  -28.3733453 	    0.0004101 	    -0.4683382 	    0.6063547 	    1.5212730 
0.231551 	  -28.3736622 	    0.0000000 	  -28.3736622 	    0.0004123 	    -0.4539341 	    0.5684300 	    1.4823657 
0.234658 	  -28.3750357 	    0.0000000 	  -28.3750357 	    0.0004219 	    -0.4419561 	    0.5602907 	    1.4568610 
0.237408 	  -28.3762032 	    0.0000000 	  -28.3762032 	    0.0004304 	    -0.4245584 	    0.5601143 	    1.4415107 
0.240158 	  -28.3773114 	    0.0000000 	  -28.3773114 	    0.0004388 	    -0.4029647 	    0.6087055 	    1.4726644 
0.241246 	  -28.3777912 	    0.0000000 	  -28.3777912 	    0.0004421 	    -0.4412634 	    0.6632985 	    1.5216532 
0.242333 	  -28.3782189 	    0.0000000 	  -28.3782189 	    0.0004454 	    -0.3933898 	    0.5504027 	    1.4065613 
0.244704 	  -28.3791366 	    0.0000000 	  -28.3791366 	    0.0004526 	    -0.3870156 	    0.6000937 	    1.4413483 
0.245666 	  -28.3795324 	    0.0000000 	  -28.3795324 	    0.0004555 	    -0.4113772 	    0.6208095 	    1.4572971 
0.246629 	  -28.3798969 	    0.0000000 	  -28.3798969 	    0.0004584 	    -0.3787446 	    0.5226452 	    1.3591888 
0.249105 	  -28.3808137 	    0.0000000 	  -28.3808137 	    0.0004658 	    -0.3702555 	    0.5495034 	    1.3714584 
0.250275 	  -28.3812606 	    0.0000000 	  -28.3812606 	    0.0004693 	    -0.3820055 	    0.5717657 	    1.3871143 
0.251445 	  -28.3816810 	    0.0000000 	  -28.3816810 	    0.0004728 	    -0.3593263 	    0.5175357 	    1.3307194 
0.254247 	  -28.3826343 	    0.0000000 	  -28.3826343 	    0.0004810 	    -0.3402035 	    0.5622195 	    1.3593049 
0.255325 	  -28.3830552 	    0.0000000 	  -28.3830552 	    0.0004842 	    -0.3903792 	    0.6455789 	    1.4389485 
0.256404 	  -28.3834184 	    0.0000000 	  -28.3834184 	    0.0004873 	    -0.3367576 	    0.5020674 	    1.2931804 
0.258715 	  -28.3841889 	    0.0000000 	  -28.3841889 	    0.0004940 	    -0.3333274 	    0.5621982 	    1.3395695 
0.259668 	  -28.3845285 	    0.0000000 	  -28.3845285 	    0.0004968 	    -0.3562245 	    0.5710827 	    1.3442651 
0.260622 	  -28.3848394 	    0.0000000 	  -28.3848394 	    0.0004995 	    -0.3261082 	    0.4772167 	    1.2515806 
0.263144 	  -28.3856471 	    0.0000000 	  -28.3856471 	    0.0005067 	    -0.3202538 	    0.5046165 	    1.2652495 
0.264340 	  -28.3860427 	    0.0000000 	  -28.3860427 	    0.0005101 	    -0.3306023 	    0.5341887 	    1.2884500 
0.265537 	  -28.3864152 	    0.0000000 	  -28.3864152 	    0.0005135 	    -0.3112790 	    0.4765796 	    1.2293384 
0.268343 	  -28.3872273 	    0.0000000 	  -28.3872273 	    0.0005214 	    -0.2894721 	    0.5310853 	    1.2689363 
0.269401 	  -28.3875995 	    0.0000000 	  -28.3875995 	    0.0005243 	    -0.3517278 	    0.6245742 	    1.3608202 
0.270459 	  -28.3879065 	    0.0000000 	  -28.3879065 	    0.0005273 	    -0.2901735 	    0.4594417 	    1.1932179 
0.272729 	  -28.3885731 	    0.0000000 	  -28.3885731 	    0.0005335 	    -0.2936446 	    0.5254216 	    1.2461765 
0.273683 	  -28.3888669 	    0.0000000 	  -28.3888669 	    0.0005361 	    -0.3078120 	    0.5274367 	    1.2446618 
0.274637 	  -28.3891390 	    0.0000000 	  -28.3891390 	    0.0005387 	    -0.2851338 	    0.4370172 	    1.1561781 
0.277208 	  -28.3898506 	    0.0000000 	  -28.3898506 	    0.0005457 	    -0.2768020 	    0.4657203 	    1.1719215 
0.278425 	  -28.3902077 	    0.0000000 	  -28.3902077 	    0.0005489 	    -0.2935984 	    0.5039197 	    1.2037502 
0.279641 	  -28.3905363 	    0.0000000 	  -28.3905363 	    0.0005522 	    -0.2701187 	    0.4406370 	    1.1397713 
0.282433 	  -28.3912423 	    0.0000000 	  -28.3912423 	    0.0005596 	    -0.2528876 	    0.5059739 	    1.1911785 
0.283131 	  -28.3914652 	    0.0000000 	  -28.3914652 	    0.0005614 	    -0.3192773 	    0.5704334 	    1.2550834 
0.283829 	  -28.3916524 	    0.0000000 	  -28.3916524 	    0.0005633 	    -0.2681365 	    0.4016206 	    1.0895139 
0.286165 	  -28.3922743 	    0.0000000 	  -28.3922743 	    0.0005694 	    -0.2662559 	    0.4104147 	    1.0883387 
0.288487 	  -28.3928572 	    0.0000000 	  -28.3928572 	    0.0005753 	    -0.2510702 	    0.3994288 	    1.0702487 
0.290809 	  -28.3934371 	    0.0000000 	  -28.3934371 	    0.0005813 	    -0.2497352 	    0.4511006 	    1.1091012 
0.291921 	  -28.3937224 	    0.0000000 	  -28.3937224 	    0.0005841 	    -0.2564510 	    0.4554903 	    1.1095340 
0.293034 	  -28.3939911 	    0.0000000 	  -28.3939911 	    0.0005869 	    -0.2415493 	    0.4008191 	    1.0554396 
0.295895 	  -28.3946388 	    0.0000000 	  -28.3946388 	    0.0005940 	    -0.2263673 	    0.4469149 	    1.0881014 
0.297043 	  -28.3949508 	    0.0000000 	  -28.3949508 	    0.0005969 	    -0.2716679 	    0.5476781 	    1.1872397 
0.298192 	  -28.3952100 	    0.0000000 	  -28.3952100 	    0.0005997 	    -0.2256163 	    0.4014012 	    1.0384498 
0.300584 	  -28.3957380 	    0.0000000 	  -28.3957380 	    0.0006056 	    -0.2207175 	    0.4882326 	    1.1143912 
0.301510 	  -28.3959793 	    0.0000000 	  -28.3959793 	    0.0006078 	    -0.2605783 	    0.5173695 	    1.1418700 
0.302436 	  -28.3961837 	    0.0000000 	  -28.3961837 	    0.0006101 	    -0.2207523 	    0.3674715 	    0.9946708 
0.304811 	  -28.3967108 	    0.0000000 	  -28.3967108 	    0.0006157 	    -0.2219829 	    0.4108428 	    1.0258704 
0.305979 	  -28.3969765 	    0.0000000 	  -28.3969765 	    0.0006185 	    -0.2275661 	    0.4278650 	    1.0385137 
0.307146 	  -28.3972282 	    0.0000000 	  -28.3972282 	    0.0006213 	    -0.2155177 	    0.3730035 	    0.9843876 
0.310061 	  -28.3977985 	    0.0000000 	  -28.3977985 	    0.0006281 	    -0.1956931 	    0.4319151 	    1.0303162 
0.311186 	  -28.3980876 	    0.0000000 	  -28.3980876 	    0.0006307 	    -0.2569565 	    0.5518433 	    1.1529389 
0.312311 	  -28.3983104 	    0.0000000 	  -28.3983104 	    0.0006333 	    -0.1980271 	    0.3731662 	    0.9688265 
0.314617 	  -28.3987761 	    0.0000000 	  -28.3987761 	    0.0006386 	    -0.2019117 	    0.4689526 	    1.0548737 
0.315524 	  -28.3989838 	    0.0000000 	  -28.3989838 	    0.0006406 	    -0.2289976 	    0.4806419 	    1.0647640 
0.316431 	  -28.3991640 	    0.0000000 	  -28.3991640 	    0.0006427 	    -0.1986712 	    0.3375265 	    0.9254821 
0.318852 	  -28.3996401 	    0.0000000 	  -28.3996401 	    0.0006481 	    -0.1967100 	    0.3781915 	    0.9544432 
0.320070 	  -28.3998915 	    0.0000000 	  -28.3998915 	    0.0006508 	    -0.2064081 	    0.4021564 	    0.9736478 
0.321287 	  -28.4001250 	    0.0000000 	  -28.4001250 	    0.0006535 	    -0.1917411 	    0.3497135 	    0.9220033 
0.324250 	  -28.4006380 	    0.0000000 	  -28.4006380 	    0.0006599 	    -0.1731372 	    0.4221848 	    0.9821894 
0.324991 	  -28.4008211 	    0.0000000 	  -28.4008211 	    0.0006615 	    -0.2472483 	    0.5232265 	    1.0877596 
0.325731 	  -28.4009628 	    0.0000000 	  -28.4009628 	    0.0006631 	    -0.1913154 	    0.3083817 	    0.8743609 
0.328050 	  -28.4014096 	    0.0000000 	  -28.4014096 	    0.0006681 	    -0.1926868 	    0.3312692 	    0.8872184 
0.330027 	  -28.4017650 	    0.0000000 	  -28.4017650 	    0.0006723 	    -0.1798538 	    0.3174735 	    0.8700691 
0.332003 	  -28.4021248 	    0.0000000 	  -28.4021248 	    0.0006764 	    -0.1820682 	    0.3661526 	    0.9084129 
0.333050 	  -28.4023174 	    0.0000000 	  -28.4023174 	    0.0006786 	    -0.1838934 	    0.3497851 	    0.8906316 
0.334097 	  -28.4025022 	    0.0000000 	  -28.4025022 	    0.0006807 	    -0.1765150 	    0.3096708 	    0.8527351 
0.337294 	  -28.4030261 	    0.0000000 	  -28.4030261 	    0.0006872 	    -0.1638600 	    0.3472646 	    0.8776400 
0.338675 	  -28.4033006 	    0.0000000 	  -28.4033006 	    0.0006900 	    -0.1987871 	    0.4758332 	    1.0051249 
0.340056 	  -28.4035220 	    0.0000000 	  -28.4035220 	    0.0006927 	    -0.1603155 	    0.3711070 	    0.8935734 
0.340685 	  -28.4036389 	    0.0000000 	  -28.4036389 	    0.0006940 	    -0.1857034 	    0.3657561 	    0.8870262 
0.341315 	  -28.4037460 	    0.0000000 	  -28.4037460 	    0.0006953 	    -0.1701613 	    0.2806523 	    0.8102490 
0.344242 	  -28.4042373 	    0.0000000 	  -28.4042373 	    0.0007010 	    -0.1678417 	    0.2797865 	    0.8021240 
0.344243 	  -28.4042374 	    0.0000000 	  -28.4042374 	    0.0007010 	    -0.1655366 	    0.2751521 	    0.7985102 
0.349885 	  -28.4051457 	    0.0000000 	  -28.4051457 	    0.0007116 	    -0.1609708 	    0.2665486 	    0.7775712 
0.355120 	  -28.4059272 	    0.0000000 	  -28.4059272 	    0.0007213 	    -0.1492901 	    0.2874441 	    0.7828740 
0.356429 	  -28.4061631 	    0.0000000 	  -28.4061631 	    0.0007237 	    -0.1802685 	    0.4091187 	    0.8975994 
0.357737 	  -28.4063510 	    0.0000000 	  -28.4063510 	    0.0007260 	    -0.1435558 	    0.2959901 	    0.7847550 
0.360559 	  -28.4067309 	    0.0000000 	  -28.4067309 	    0.0007310 	    -0.1346632 	    0.4213796 	    0.9028638 
0.360559 	  -28.4067309 	    0.0000000 	  -28.4067309 	    0.0007310 	    -0.2022838 	    0.3997117 	    0.8797867 
0.361318 	  -28.4068665 	    0.0000000 	  -28.4068665 	    0.0007324 	    -0.1787214 	    0.3197159 	    0.7986146 
0.365736 	  -28.4073271 	    0.0000000 	  -28.4073271 	    0.0007400 	    -0.1042254 	    0.3001030 	    0.7713862 
0.366841 	  -28.4076669 	    0.0000000 	  -28.4076669 	    0.0007420 	    -0.3076289 	    0.7387923 	    1.2847792 
0.367946 	  -28.4078048 	    0.0000000 	  -28.4078048 	    0.0007438 	    -0.1247587 	    0.2676243 	    0.7386677 
0.369913 	  -28.4081310 	    0.0000000 	  -28.4081310 	    0.0007472 	    -0.1658104 	    0.4782114 	    0.9510398 
0.370725 	  -28.4082492 	    0.0000000 	  -28.4082492 	    0.0007486 	    -0.1455776 	    0.3346745 	    0.7943354 
0.371537 	  -28.4083617 	    0.0000000 	  -28.4083617 	    0.0007500 	    -0.1385123 	    0.2563554 	    0.7218990 
0.374154 	  -28.4087086 	    0.0000000 	  -28.4087086 	    0.0007543 	    -0.1326060 	    0.2776928 	    0.7347446 
0.375507 	  -28.4089070 	    0.0000000 	  -28.4089070 	    0.0007565 	    -0.1466064 	    0.3459834 	    0.7968721 
0.376860 	  -28.4090846 	    0.0000000 	  -28.4090846 	    0.0007587 	    -0.1311892 	    0.2832892 	    0.7345233 
0.379874 	  -28.4094014 	    0.0000000 	  -28.4094014 	    0.0007636 	    -0.1051568 	    0.4082935 	    0.8555173 
0.380627 	  -28.4095644 	    0.0000000 	  -28.4095644 	    0.0007648 	    -0.2163166 	    0.5485167 	    1.0204284 
0.381380 	  -28.4096657 	    0.0000000 	  -28.4096657 	    0.0007660 	    -0.1344017 	    0.2239229 	    0.6762699 
0.383510 	  -28.4099665 	    0.0000000 	  -28.4099665 	    0.0007693 	    -0.1412950 	    0.2770084 	    0.7165042 
0.385141 	  -28.4101698 	    0.0000000 	  -28.4101698 	    0.0007718 	    -0.1245831 	    0.2414335 	    0.6829383 
0.386772 	  -28.4103851 	    0.0000000 	  -28.4103851 	    0.0007743 	    -0.1320087 	    0.2842080 	    0.7172155 
0.387778 	  -28.4105125 	    0.0000000 	  -28.4105125 	    0.0007758 	    -0.1267320 	    0.2479618 	    0.6834920 
0.388783 	  -28.4106397 	    0.0000000 	  -28.4106397 	    0.0007774 	    -0.1265357 	    0.2283066 	    0.6655217 
0.392535 	  -28.4110612 	    0.0000000 	  -28.4110612 	    0.0007830 	    -0.1123401 	    0.2621856 	    0.6872358 
0.394212 	  -28.4113095 	    0.0000000 	  -28.4113095 	    0.0007854 	    -0.1480734 	    0.4394585 	    0.8700360 
0.395889 	  -28.4114793 	    0.0000000 	  -28.4114793 	    0.0007879 	    -0.1012099 	    0.4041758 	    0.8270898 
0.396528 	  -28.4115792 	    0.0000000 	  -28.4115792 	    0.0007888 	    -0.1563645 	    0.3938397 	    0.8145069 
0.397167 	  -28.4116574 	    0.0000000 	  -28.4116574 	    0.0007897 	    -0.1224328 	    0.2063488 	    0.6332233 
0.399610 	  -28.4119575 	    0.0000000 	  -28.4119575 	    0.0007932 	    -0.1228529 	    0.2197458 	    0.6392780 
0.402357 	  -28.4122670 	    0.0000000 	  -28.4122670 	    0.0007970 	    -0.1126460 	    0.2187808 	    0.6338038 
0.405105 	  -28.4125767 	    0.0000000 	  -28.4125767 	    0.0008008 	    -0.1127167 	    0.3245026 	    0.7273479 
0.406289 	  -28.4127330 	    0.0000000 	  -28.4127330 	    0.0008024 	    -0.1319491 	    0.3901352 	    0.7971368 
0.407473 	  -28.4128617 	    0.0000000 	  -28.4128617 	    0.0008040 	    -0.1087566 	    0.2657610 	    0.6661660 
0.410025 	  -28.4131037 	    0.0000000 	  -28.4131037 	    0.0008075 	    -0.0948330 	    0.3776857 	    0.7781999 
0.410663 	  -28.4132070 	    0.0000000 	  -28.4132070 	    0.0008083 	    -0.1619576 	    0.4263078 	    0.8336193 
0.411301 	  -28.4132814 	    0.0000000 	  -28.4132814 	    0.0008091 	    -0.1165562 	    0.1973109 	    0.6021758 
0.413665 	  -28.4135555 	    0.0000000 	  -28.4135555 	    0.0008122 	    -0.1159220 	    0.2084867 	    0.6070169 
0.417048 	  -28.4138982 	    0.0000000 	  -28.4138982 	    0.0008166 	    -0.1013025 	    0.2070286 	    0.6005305 
0.420431 	  -28.4142113 	    0.0000000 	  -28.4142113 	    0.0008207 	    -0.0925513 	    0.3971485 	    0.7878141 
0.421277 	  -28.4143607 	    0.0000000 	  -28.4143607 	    0.0008218 	    -0.1766646 	    0.5319345 	    0.9536858 
0.422123 	  -28.4144469 	    0.0000000 	  -28.4144469 	    0.0008228 	    -0.1018571 	    0.1832451 	    0.5744356 
0.424243 	  -28.4146837 	    0.0000000 	  -28.4146837 	    0.0008255 	    -0.1117082 	    0.2778473 	    0.6537076 
0.425470 	  -28.4148106 	    0.0000000 	  -28.4148106 	    0.0008270 	    -0.1034549 	    0.2384533 	    0.6148579 
0.426697 	  -28.4149374 	    0.0000000 	  -28.4149374 	    0.0008284 	    -0.1032893 	    0.2292941 	    0.6050203 
0.430070 	  -28.4151936 	    0.0000000 	  -28.4151936 	    0.0008324 	    -0.0759569 	    0.3158576 	    0.6853103 
0.430914 	  -28.4153450 	    0.0000000 	  -28.4153450 	    0.0008334 	    -0.1794474 	    0.5236601 	    0.9341566 
0.431757 	  -28.4154293 	    0.0000000 	  -28.4154293 	    0.0008344 	    -0.1000050 	    0.1707763 	    0.5508104 
0.433961 	  -28.4156688 	    0.0000000 	  -28.4156688 	    0.0008369 	    -0.1086943 	    0.2596093 	    0.6232404 
0.435366 	  -28.4158041 	    0.0000000 	  -28.4158041 	    0.0008385 	    -0.0963224 	    0.2184322 	    0.5835935 
0.436771 	  -28.4159440 	    0.0000000 	  -28.4159440 	    0.0008401 	    -0.0995167 	    0.2416454 	    0.6026300 
0.437664 	  -28.4160319 	    0.0000000 	  -28.4160319 	    0.0008411 	    -0.0984859 	    0.1970882 	    0.5625577 
0.438557 	  -28.4161183 	    0.0000000 	  -28.4161183 	    0.0008421 	    -0.0966792 	    0.1744717 	    0.5437372 
0.442519 	  -28.4164734 	    0.0000000 	  -28.4164734 	    0.0008464 	    -0.0896356 	    0.1998398 	    0.5582410 
0.444539 	  -28.4166809 	    0.0000000 	  -28.4166809 	    0.0008487 	    -0.1027163 	    0.3555694 	    0.7135631 
0.446559 	  -28.4168314 	    0.0000000 	  -28.4168314 	    0.0008508 	    -0.0744919 	    0.4273747 	    0.7977735 
0.447064 	  -28.4169027 	    0.0000000 	  -28.4169027 	    0.0008513 	    -0.1411513 	    0.4076542 	    0.7730874 
0.447570 	  -28.4169546 	    0.0000000 	  -28.4169546 	    0.0008519 	    -0.1026786 	    0.1886585 	    0.5426198 
0.449873 	  -28.4171757 	    0.0000000 	  -28.4171757 	    0.0008543 	    -0.0960087 	    0.1660467 	    0.5221361 
0.452836 	  -28.4174483 	    0.0000000 	  -28.4174483 	    0.0008573 	    -0.0919926 	    0.1567114 	    0.5114856 
0.455799 	  -28.4177151 	    0.0000000 	  -28.4177151 	    0.0008603 	    -0.0900621 	    0.1542932 	    0.5059373 
0.463206 	  -28.4183230 	    0.0000000 	  -28.4183230 	    0.0008673 	    -0.0820641 	    0.1602193 	    0.5007981 
0.465057 	  -28.4185171 	    0.0000000 	  -28.4185171 	    0.0008691 	    -0.1048279 	    0.3426565 	    0.6791240 
0.466909 	  -28.4186444 	    0.0000000 	  -28.4186444 	    0.0008708 	    -0.0687729 	    0.3204350 	    0.6517980 
0.467655 	  -28.4187305 	    0.0000000 	  -28.4187305 	    0.0008715 	    -0.1154904 	    0.3628894 	    0.7008322 
0.468400 	  -28.4187932 	    0.0000000 	  -28.4187932 	    0.0008722 	    -0.0841121 	    0.1433951 	    0.4827673 
0.470929 	  -28.4190104 	    0.0000000 	  -28.4190104 	    0.0008746 	    -0.0858794 	    0.1837620 	    0.5105798 
0.472891 	  -28.4191681 	    0.0000000 	  -28.4191681 	    0.0008763 	    -0.0804105 	    0.1918524 	    0.5152626 
0.474852 	  -28.4193260 	    0.0000000 	  -28.4193260 	    0.0008781 	    -0.0804560 	    0.2587842 	    0.5771818 
0.475856 	  -28.4194149 	    0.0000000 	  -28.4194149 	    0.0008790 	    -0.0886488 	    0.2486166 	    0.5657515 
0.476859 	  -28.4194943 	    0.0000000 	  -28.4194943 	    0.0008799 	    -0.0791512 	    0.1653316 	    0.4890959 
0.479966 	  -28.4197190 	    0.0000000 	  -28.4197190 	    0.0008825 	    -0.0723311 	    0.2274533 	    0.5406515 
0.481392 	  -28.4198580 	    0.0000000 	  -28.4198580 	    0.0008838 	    -0.0974490 	    0.3650659 	    0.6925059 
0.482818 	  -28.4199589 	    0.0000000 	  -28.4199589 	    0.0008849 	    -0.0707631 	    0.2730587 	    0.5849545 
0.483483 	  -28.4200200 	    0.0000000 	  -28.4200200 	    0.0008855 	    -0.0918140 	    0.2603387 	    0.5708075 
0.484148 	  -28.4200723 	    0.0000000 	  -28.4200723 	    0.0008861 	    -0.0787159 	    0.1338955 	    0.4580062 
0.487131 	  -28.4203061 	    0.0000000 	  -28.4203061 	    0.0008885 	    -0.0783545 	    0.1461030 	    0.4632998 
0.490283 	  -28.4205363 	    0.0000000 	  -28.4205363 	    0.0008911 	    -0.0730416 	    0.1675811 	    0.4765861 
0.493434 	  -28.4207278 	    0.0000000 	  -28.4207278 	    0.0008936 	    -0.0607669 	    0.3270535 	    0.6377128 
0.494222 	  -28.4208293 	    0.0000000 	  -28.4208293 	    0.0008942 	    -0.1289063 	    0.4322164 	    0.7685591 
0.495010 	  -28.4208879 	    0.0000000 	  -28.4208879 	    0.0008948 	    -0.0743146 	    0.1274766 	    0.4419321 
0.497335 	  -28.4210750 	    0.0000000 	  -28.4210750 	    0.0008966 	    -0.0804716 	    0.1997890 	    0.4978850 
0.498951 	  -28.4211887 	    0.0000000 	  -28.4211887 	    0.0008979 	    -0.0703378 	    0.1854772 	    0.4834120 
0.500567 	  -28.4213103 	    0.0000000 	  -28.4213103 	    0.0008991 	    -0.0752474 	    0.2260894 	    0.5204732 
0.500568 	  -28.4213103 	    0.0000000 	  -28.4213103 	    0.0008991 	    -0.0745050 	    0.1374978 	    0.4431533 
0.502404 	  -28.4214437 	    0.0000000 	  -28.4214437 	    0.0009004 	    -0.0726276 	    0.1236946 	    0.4317443 
0.512599 	  -28.4221573 	    0.0000000 	  -28.4221573 	    0.0009075 	    -0.0699993 	    0.1188548 	    0.4182152 
0.516448 	  -28.4224195 	    0.0000000 	  -28.4224195 	    0.0009102 	    -0.0681240 	    0.1220102 	    0.4170115 
0.520296 	  -28.4226625 	    0.0000000 	  -28.4226625 	    0.0009128 	    -0.0631453 	    0.1647435 	    0.4464040 
0.522409 	  -28.4228134 	    0.0000000 	  -28.4228134 	    0.0009141 	    -0.0714006 	    0.3006045 	    0.5864551 
0.524522 	  -28.4229123 	    0.0000000 	  -28.4229123 	    0.0009155 	    -0.0467948 	    0.4077155 	    0.7196412 
0.525051 	  -28.4229729 	    0.0000000 	  -28.4229729 	    0.0009159 	    -0.1147441 	    0.3876697 	    0.6932423 
0.525579 	  -28.4230123 	    0.0000000 	  -28.4230123 	    0.0009162 	    -0.0745458 	    0.1436538 	    0.4246306 
0.527897 	  -28.4231739 	    0.0000000 	  -28.4231739 	    0.0009177 	    -0.0697134 	    0.1274091 	    0.4104035 
0.531776 	  -28.4234172 	    0.0000000 	  -28.4234172 	    0.0009201 	    -0.0627240 	    0.1116155 	    0.3961528 
0.535654 	  -28.4236565 	    0.0000000 	  -28.4236565 	    0.0009224 	    -0.0617072 	    0.1999636 	    0.4668427 
0.537570 	  -28.4237834 	    0.0000000 	  -28.4237834 	    0.0009235 	    -0.0662787 	    0.3451932 	    0.6323257 
0.539485 	  -28.4238759 	    0.0000000 	  -28.4238759 	    0.0009246 	    -0.0482847 	    0.4276363 	    0.7388543 
0.541400 	  -28.4238656 	    0.0000000 	  -28.4238656 	    0.0009257 	     0.0053922 	    0.3278135 	    0.6084670 
0.543217 	  -28.4238879 	    0.0000000 	  -28.4238879 	    0.0009267 	    -0.0122780 	    0.1816138 	    0.4436136 
0.545033 	  -28.4242505 	    0.0000000 	  -28.4242505 	    0.0009278 	    -0.1996481 	    0.7933125 	    1.2550217 
0.546849 	  -28.4242617 	    0.0000000 	  -28.4242617 	    0.0009288 	    -0.0061331 	    0.5102257 	    0.8487259 
0.548666 	  -28.4244516 	    0.0000000 	  -28.4244516 	    0.0009299 	    -0.1045600 	    0.6818872 	    1.0920591 
0.550482 	  -28.4245194 	    0.0000000 	  -28.4245194 	    0.0009308 	    -0.0373404 	    0.5693445 	    0.9304353 
0.552299 	  -28.4246529 	    0.0000000 	  -28.4246529 	    0.0009319 	    -0.0734939 	    0.6346839 	    1.0230462 
0.554115 	  -28.4247462 	    0.0000000 	  -28.4247462 	    0.0009328 	    -0.0513462 	    0.5888633 	    0.9569799 
0.555932 	  -28.4248587 	    0.0000000 	  -28.4248587 	    0.0009338 	    -0.0619185 	    0.6125680 	    0.9902822 
0.557748 	  -28.4249615 	    0.0000000 	  -28.4249615 	    0.0009347 	    -0.0566177 	    0.5928608 	    0.9615644 
0.559564 	  -28.4250652 	    0.0000000 	  -28.4250652 	    0.0009357 	    -0.0570882 	    0.6002883 	    0.9716510 
0.561381 	  -28.4251709 	    0.0000000 	  -28.4251709 	    0.0009365 	    -0.0581971 	    0.5908132 	    0.9575621 
0.563197 	  -28.4252704 	    0.0000000 	  -28.4252704 	    0.0009375 	    -0.0547551 	    0.5918899 	    0.9585916 
0.565014 	  -28.4253763 	    0.0000000 	  -28.4253763 	    0.0009384 	    -0.0583068 	    0.5864346 	    0.9502534 
0.566830 	  -28.4254733 	    0.0000000 	  -28.4254733 	    0.0009393 	    -0.0533792 	    0.5850449 	    0.9477699 
0.568647 	  -28.4255783 	    0.0000000 	  -28.4255783 	    0.0009401 	    -0.0578488 	    0.5811789 	    0.9417105 
0.570463 	  -28.4256735 	    0.0000000 	  -28.4256735 	    0.0009411 	    -0.0523799 	    0.5788424 	    0.9378834 
0.572280 	  -28.4257773 	    0.0000000 	  -28.4257773 	    0.0009419 	    -0.0571788 	    0.5756146 	    0.9327445 
0.574096 	  -28.4257233 	    0.0000000 	  -28.4257233 	    0.0009427 	     0.0297314 	    0.3899642 	    0.6741477 
0.575406 	  -28.4259757 	    0.0000000 	  -28.4259757 	    0.0009433 	    -0.1926037 	    0.8037619 	    1.2634485 
0.576717 	  -28.4259863 	    0.0000000 	  -28.4259863 	    0.0009439 	    -0.0080522 	    0.4283866 	    0.7251603 
0.578027 	  -28.4261169 	    0.0000000 	  -28.4261169 	    0.0009446 	    -0.0996862 	    0.5958202 	    0.9601336 
0.579337 	  -28.4261626 	    0.0000000 	  -28.4261626 	    0.0009451 	    -0.0349234 	    0.4046198 	    0.6919230 
0.580648 	  -28.4262525 	    0.0000000 	  -28.4262525 	    0.0009458 	    -0.0685719 	    0.4629842 	    0.7715281 
0.581173 	  -28.4262830 	    0.0000000 	  -28.4262830 	    0.0009460 	    -0.0579610 	    0.2023677 	    0.4403721 
0.581699 	  -28.4263103 	    0.0000000 	  -28.4263103 	    0.0009462 	    -0.0519332 	    0.0936206 	    0.3453000 
0.584433 	  -28.4264522 	    0.0000000 	  -28.4264522 	    0.0009474 	    -0.0519225 	    0.1062184 	    0.3517429 
0.586959 	  -28.4265773 	    0.0000000 	  -28.4265773 	    0.0009485 	    -0.0495022 	    0.1410487 	    0.3774299 
0.589485 	  -28.4266957 	    0.0000000 	  -28.4266957 	    0.0009495 	    -0.0468642 	    0.2335337 	    0.4705221 
0.590665 	  -28.4267708 	    0.0000000 	  -28.4267708 	    0.0009500 	    -0.0637046 	    0.3027219 	    0.5537893 
0.591844 	  -28.4268259 	    0.0000000 	  -28.4268259 	    0.0009505 	    -0.0467377 	    0.1750646 	    0.4062801 
0.594612 	  -28.4269173 	    0.0000000 	  -28.4269173 	    0.0009517 	    -0.0330038 	    0.3027080 	    0.5521490 
0.595672 	  -28.4270171 	    0.0000000 	  -28.4270171 	    0.0009521 	    -0.0941697 	    0.4371229 	    0.7310131 
0.596732 	  -28.4270597 	    0.0000000 	  -28.4270597 	    0.0009526 	    -0.0402426 	    0.1669790 	    0.3955881 
0.599036 	  -28.4271688 	    0.0000000 	  -28.4271688 	    0.0009534 	    -0.0473202 	    0.3085785 	    0.5578588 
0.600006 	  -28.4272330 	    0.0000000 	  -28.4272330 	    0.0009538 	    -0.0662255 	    0.3257460 	    0.5796520 
0.600975 	  -28.4272771 	    0.0000000 	  -28.4272771 	    0.0009542 	    -0.0454944 	    0.1370459 	    0.3655036 
0.603541 	  -28.4273845 	    0.0000000 	  -28.4273845 	    0.0009552 	    -0.0418681 	    0.2301775 	    0.4600048 
0.604737 	  -28.4274613 	    0.0000000 	  -28.4274613 	    0.0009557 	    -0.0642387 	    0.3054839 	    0.5517156 
0.605933 	  -28.4275120 	    0.0000000 	  -28.4275120 	    0.0009561 	    -0.0423617 	    0.1779057 	    0.4015903 
0.608690 	  -28.4276011 	    0.0000000 	  -28.4276011 	    0.0009571 	    -0.0323118 	    0.3109418 	    0.5572559 
0.609730 	  -28.4276949 	    0.0000000 	  -28.4276949 	    0.0009575 	    -0.0902212 	    0.4460106 	    0.7393242 
0.610770 	  -28.4277354 	    0.0000000 	  -28.4277354 	    0.0009579 	    -0.0390025 	    0.1597339 	    0.3809256 
0.613046 	  -28.4278340 	    0.0000000 	  -28.4278340 	    0.0009587 	    -0.0432910 	    0.3018277 	    0.5439555 
0.614022 	  -28.4278965 	    0.0000000 	  -28.4278965 	    0.0009591 	    -0.0640468 	    0.3106446 	    0.5549597 
0.614999 	  -28.4279378 	    0.0000000 	  -28.4279378 	    0.0009594 	    -0.0422896 	    0.1360565 	    0.3567038 
0.617615 	  -28.4280438 	    0.0000000 	  -28.4280438 	    0.0009603 	    -0.0405251 	    0.2274202 	    0.4505699 
0.618823 	  -28.4281167 	    0.0000000 	  -28.4281167 	    0.0009608 	    -0.0603596 	    0.3137050 	    0.5572745 
0.620030 	  -28.4281661 	    0.0000000 	  -28.4281661 	    0.0009612 	    -0.0409065 	    0.1804126 	    0.3971908 
0.622757 	  -28.4282390 	    0.0000000 	  -28.4282390 	    0.0009621 	    -0.0267157 	    0.3192606 	    0.5632044 
0.623439 	  -28.4283054 	    0.0000000 	  -28.4283054 	    0.0009624 	    -0.0973890 	    0.4012192 	    0.6734263 
0.624121 	  -28.4283385 	    0.0000000 	  -28.4283385 	    0.0009626 	    -0.0485215 	    0.0899455 	    0.3157058 
0.626479 	  -28.4284573 	    0.0000000 	  -28.4284573 	    0.0009633 	    -0.0504229 	    0.1337487 	    0.3485139 
0.629009 	  -28.4285550 	    0.0000000 	  -28.4285550 	    0.0009642 	    -0.0385783 	    0.1219062 	    0.3369755 
0.631539 	  -28.4286653 	    0.0000000 	  -28.4286653 	    0.0009649 	    -0.0436030 	    0.2687629 	    0.4953129 
0.632676 	  -28.4287279 	    0.0000000 	  -28.4287279 	    0.0009653 	    -0.0550888 	    0.3071472 	    0.5441310 
0.633812 	  -28.4287732 	    0.0000000 	  -28.4287732 	    0.0009657 	    -0.0398966 	    0.1755043 	    0.3856503 
0.636486 	  -28.4288440 	    0.0000000 	  -28.4288440 	    0.0009666 	    -0.0264812 	    0.2935242 	    0.5251959 
0.637527 	  -28.4289309 	    0.0000000 	  -28.4289309 	    0.0009668 	    -0.0834473 	    0.4166968 	    0.6912187 
0.638569 	  -28.4289665 	    0.0000000 	  -28.4289665 	    0.0009672 	    -0.0341161 	    0.1507851 	    0.3584011 
0.640919 	  -28.4290609 	    0.0000000 	  -28.4290609 	    0.0009678 	    -0.0401828 	    0.2880225 	    0.5166487 
0.641934 	  -28.4291191 	    0.0000000 	  -28.4291191 	    0.0009681 	    -0.0572997 	    0.3146491 	    0.5511062 
0.642949 	  -28.4291581 	    0.0000000 	  -28.4291581 	    0.0009684 	    -0.0384041 	    0.1404003 	    0.3464025 
0.645567 	  -28.4292435 	    0.0000000 	  -28.4292435 	    0.0009692 	    -0.0326498 	    0.2414387 	    0.4564756 
0.646726 	  -28.4293160 	    0.0000000 	  -28.4293160 	    0.0009695 	    -0.0625459 	    0.3324183 	    0.5733541 
0.647886 	  -28.4293560 	    0.0000000 	  -28.4293560 	    0.0009699 	    -0.0344656 	    0.1711895 	    0.3749535 
0.650520 	  -28.4294321 	    0.0000000 	  -28.4294321 	    0.0009706 	    -0.0288909 	    0.3064585 	    0.5377453 
0.651542 	  -28.4295093 	    0.0000000 	  -28.4295093 	    0.0009709 	    -0.0756074 	    0.4113769 	    0.6804766 
0.652563 	  -28.4295438 	    0.0000000 	  -28.4295438 	    0.0009712 	    -0.0337279 	    0.1462139 	    0.3475359 
0.654908 	  -28.4296272 	    0.0000000 	  -28.4296272 	    0.0009719 	    -0.0355625 	    0.2777213 	    0.4989968 
0.655939 	  -28.4296858 	    0.0000000 	  -28.4296858 	    0.0009721 	    -0.0568197 	    0.3057080 	    0.5351995
